##################################################################################

Conincident table (loacl dofs to global dofs
[[1. 2. 3. 4. 5. 6.]] 

##################################################################################

Element 1
Rotation angle: 45.0
[[ 5.30249977e+05  5.19749977e+05 -3.71231057e+06 -5.30249977e+05
  -5.19749977e+05 -3.71231057e+06]
 [ 5.19749977e+05  5.30249977e+05  3.71231057e+06 -5.19749977e+05
  -5.30249977e+05  3.71231057e+06]
 [-3.71231057e+06  3.71231057e+06  3.50000013e+09  3.71231057e+06
  -3.71231057e+06  1.75000006e+09]
 [-5.30249977e+05 -5.19749977e+05 -3.71231057e+06  5.30249977e+05
   5.19749977e+05  3.71231057e+06]
 [-5.19749977e+05 -5.30249977e+05  3.71231057e+06  5.19749977e+05
   5.30249977e+05 -3.71231057e+06]
 [ 3.71231057e+06 -3.71231057e+06  1.75000006e+09  3.71231057e+06
  -3.71231057e+06  3.50000013e+09]] 

dof
global:  [0, 1, 2, 3, 4, 5]
local:   [0, 1, 2, 3, 4, 5] 

##################################################################################

Force vector
[[    0.]
 [    0.]
 [    0.]
 [    0.]
 [-1000.]
 [    0.]] 

##################################################################################

Fixed dofs
[1 2 3] 

Free dofs
[4 5 6] 

##################################################################################

Force vector for free dofs
[[    0.]
 [-1000.]
 [    0.]] 

##################################################################################

Displacement vector
[[0.]
 [0.]
 [0.]
 [0.]
 [0.]
 [0.]] 

##################################################################################

Displacement vector for fixed dofs
[[0.]
 [0.]
 [0.]] 

##################################################################################

Reduced stiffness matrix for free dofs
[[ 5.30249977e+05  5.19749977e+05  3.71231057e+06]
 [ 5.19749977e+05  5.30249977e+05 -3.71231057e+06]
 [ 3.71231057e+06 -3.71231057e+06  3.50000013e+09]] 

Reduced stiffness matrix for fixed dofs
[[-5.30249977e+05 -5.19749977e+05 -3.71231057e+06]
 [-5.19749977e+05 -5.30249977e+05  3.71231057e+06]
 [ 3.71231057e+06 -3.71231057e+06  1.75000006e+09]] 

##################################################################################

[[    0.]
 [-1000.]
 [    0.]] 

##################################################################################

Determinant of stiffness matrix K
9.646874441600561e+18 

Displacement vector for free dofs
[[ 0.19000001]
 [-0.19095239]
 [-0.00040406]] 

##################################################################################

Solved displacement vector
[[ 0.        ]
 [ 0.        ]
 [ 0.        ]
 [ 0.19000001]
 [-0.19095239]
 [-0.00040406]] 

##################################################################################

Reaction forces
[[ 3.09552139e-11]
 [ 1.00000000e+03]
 [ 7.07106812e+05]
 [-3.09552139e-11]
 [-1.00000000e+03]
 [-8.38914934e-11]] 

##################################################################################

Strains E11
[[-3.36717515e-05  3.36717515e-05]] 

Stresses S11
[[ 4.53172931 -4.53172931]] 

