##################################################################################

Conincident table (loacl dofs to global dofs
[[1. 2. 3. 4. 5. 6.]] 

##################################################################################

Element 1
Rotation angle: 45.0
[[ 5.30091145e+05  5.19908809e+05 -3.59999957e+06 -5.30091145e+05
  -5.19908809e+05 -3.59999957e+06]
 [ 5.19908809e+05  5.30091145e+05  3.59999957e+06 -5.19908809e+05
  -5.30091145e+05  3.59999957e+06]
 [-3.59999957e+06  3.59999957e+06  3.42058425e+09  3.59999957e+06
  -3.59999957e+06  1.67058412e+06]
 [-5.30091145e+05 -5.19908809e+05 -3.59999957e+06  5.30091145e+05
   5.19908809e+05  3.59999957e+06]
 [-5.19908809e+05 -5.30091145e+05  3.59999957e+06  5.19908809e+05
   5.30091145e+05 -3.59999957e+06]
 [ 3.59999957e+06 -3.59999957e+06  1.67058412e+06  3.59999957e+06
  -3.59999957e+06  3.42058425e+09]] 

dof
global:  [0, 1, 2, 3, 4, 5]
local:   [0, 1, 2, 3, 4, 5] 

##################################################################################

Force vector
[[    0.]
 [    0.]
 [    0.]
 [    0.]
 [-1000.]
 [    0.]] 

##################################################################################

Fixed dofs
[1 2 3] 

Free dofs
[4 5 6] 

##################################################################################

Force vector for free dofs
[[    0.]
 [-1000.]
 [    0.]] 

##################################################################################

Displacement vector
[[0.]
 [0.]
 [0.]
 [0.]
 [0.]
 [0.]] 

##################################################################################

Displacement vector for fixed dofs
[[0.]
 [0.]
 [0.]] 

##################################################################################

Reduced stiffness matrix for free dofs
[[ 5.30091145e+05  5.19908809e+05  3.59999957e+06]
 [ 5.19908809e+05  5.30091145e+05 -3.59999957e+06]
 [ 3.59999957e+06 -3.59999957e+06  3.42058425e+09]] 

Reduced stiffness matrix for fixed dofs
[[ -530091.14512193  -519908.80912243 -3599999.5736584 ]
 [ -519908.80912243  -530091.14512193  3599999.5736584 ]
 [ 3599999.5736584  -3599999.5736584   1670584.11706194]] 

##################################################################################

[[    0.]
 [-1000.]
 [    0.]] 

##################################################################################

Determinant of stiffness matrix K
9.355021132615107e+18 

Displacement vector for free dofs
[[ 0.19148561]
 [-0.19243799]
 [-0.00040406]] 

##################################################################################

Solved displacement vector
[[ 0.        ]
 [ 0.        ]
 [ 0.        ]
 [ 0.19148561]
 [-0.19243799]
 [-0.00040406]] 

##################################################################################

Reaction forces
[[ 0.00000000e+00]
 [ 1.00000000e+03]
 [ 1.38144975e+06]
 [ 0.00000000e+00]
 [-1.00000000e+03]
 [ 0.00000000e+00]] 

##################################################################################

Strains E11
[[-3.36717515e-05  3.36717515e-05]] 

Stresses S11
[[ 4.49296202 -4.49296202]] 

