##################################################################################

Conincident table (loacl dofs to global dofs
[[1. 2. 3. 4. 5. 6. 0. 0. 0. 0.]
 [0. 0. 0. 1. 2. 0. 3. 4. 0. 0.]
 [0. 0. 0. 1. 2. 0. 0. 0. 3. 4.]] 

##################################################################################

Element 1
Rotation angle: 90.0
[[ 3.98222222e+02  1.65083477e-11 -1.49333333e+05 -3.98222222e+02
  -1.65083477e-11 -1.49333333e+05]
 [ 1.65083477e-11  2.70000000e+05  9.14402943e-12 -1.65083477e-11
  -2.70000000e+05  9.14402943e-12]
 [-1.49333333e+05  9.14402943e-12  7.46666667e+07  1.49333333e+05
  -9.14402943e-12  3.73333333e+07]
 [-3.98222222e+02 -1.65083477e-11 -1.49333333e+05  3.98222222e+02
   1.65083477e-11  1.49333333e+05]
 [-1.65083477e-11 -2.70000000e+05  9.14402943e-12  1.65083477e-11
   2.70000000e+05 -9.14402943e-12]
 [ 1.49333333e+05 -9.14402943e-12  3.73333333e+07  1.49333333e+05
  -9.14402943e-12  7.46666667e+07]] 

dof
global:  [0, 1, 2, 3, 4, 5]
local:   [0, 1, 2, 3, 4, 5] 

Element 2
Rotation angle: 180.0
[[ 1.80000000e+05 -2.20436424e-11 -1.80000000e+05  2.20436424e-11]
 [-2.20436424e-11  2.69956761e-27  2.20436424e-11 -2.69956761e-27]
 [-1.80000000e+05  2.20436424e-11  1.80000000e+05 -2.20436424e-11]
 [ 2.20436424e-11 -2.69956761e-27 -2.20436424e-11  2.69956761e-27]] 

dof
global:  [3, 4, 6, 7]
local:   [0, 1, 2, 3] 

Element 3
Rotation angle: 30.00000010841618
[[ 180000.00019665  103923.0490218  -180000.00019665 -103923.0490218 ]
 [ 103923.0490218    60000.00058994 -103923.0490218   -60000.00058994]
 [-180000.00019665 -103923.0490218   180000.00019665  103923.0490218 ]
 [-103923.0490218   -60000.00058994  103923.0490218    60000.00058994]] 

dof
global:  [3, 4, 8, 9]
local:   [0, 1, 2, 3] 

##################################################################################

Force vector
[[0.]
 [0.]
 [0.]
 [0.]
 [0.]
 [0.]
 [0.]
 [0.]
 [0.]
 [0.]] 

##################################################################################

Fixed dofs
[ 1  2  7  8  9 10] 

Free dofs
[3 4 5 6] 

##################################################################################

Force vector for free dofs
[[0.]
 [0.]
 [0.]
 [0.]] 

##################################################################################

Displacement vector
[[ 0.]
 [ 0.]
 [ 0.]
 [ 0.]
 [ 0.]
 [ 0.]
 [ 0.]
 [ 0.]
 [ 0.]
 [10.]] 

##################################################################################

Displacement vector for fixed dofs
[[ 0.]
 [ 0.]
 [ 0.]
 [ 0.]
 [ 0.]
 [10.]] 

##################################################################################

Reduced stiffness matrix for free dofs
[[ 7.46666667e+07  1.49333333e+05 -9.14402943e-12  3.73333333e+07]
 [-1.49333333e+05  3.60398222e+05  1.03923049e+05  1.49333333e+05]
 [ 9.14402943e-12  1.03923049e+05  3.30000001e+05 -9.14402943e-12]
 [ 3.73333333e+07  1.49333333e+05 -9.14402943e-12  7.46666667e+07]] 

Reduced stiffness matrix for fixed dofs
[[-1.49333333e+05  9.14402943e-12  0.00000000e+00  0.00000000e+00
   0.00000000e+00  0.00000000e+00]
 [-3.98222222e+02 -1.65083477e-11 -1.80000000e+05  2.20436424e-11
  -1.80000000e+05 -1.03923049e+05]
 [-1.65083477e-11 -2.70000000e+05  2.20436424e-11 -2.69956761e-27
  -1.03923049e+05 -6.00000006e+04]
 [ 1.49333333e+05 -9.14402943e-12  0.00000000e+00  0.00000000e+00
   0.00000000e+00  0.00000000e+00]] 

##################################################################################

[[      0.        ]
 [1039230.49021798]
 [ 600000.00589936]
 [      0.        ]] 

##################################################################################

Determinant of stiffness matrix K
4.521334836181051e+26 

Displacement vector for free dofs
[[-0.00345989]
 [ 2.59491875]
 [ 1.00099435]
 [-0.00345989]] 

##################################################################################

Solved displacement vector
[[ 0.00000000e+00]
 [ 0.00000000e+00]
 [-3.45989167e-03]
 [ 2.59491875e+00]
 [ 1.00099435e+00]
 [-3.45989167e-03]
 [ 0.00000000e+00]
 [ 0.00000000e+00]
 [ 0.00000000e+00]
 [ 1.00000000e+01]] 

##################################################################################

Reaction forces
[[-1.63709046e-11]
 [-2.70268476e+05]
 [-2.91038305e-11]
 [-1.45519152e-10]
 [ 1.45519152e-10]
 [-2.91038305e-11]
 [-4.67085375e+05]
 [ 5.72014609e-11]
 [ 4.68118729e+05]
 [ 2.70268476e+05]] 

##################################################################################

Strains E11
[[0.00133466 0.00133466]
 [0.00518984        nan]
 [0.00450447        nan]] 

Stresses S11
[[ 266.93182774  266.93182774]
 [1037.96750008           nan]
 [ 900.89491566           nan]] 

