##################################################################################

Conincident table (loacl dofs to global dofs
[[1. 2. 3. 4. 5. 6.]] 

##################################################################################

Element 1
Rotation angle: 90.0
[[ 1.05000008e+04  6.36510173e-11 -5.25000042e+06 -1.05000008e+04
  -6.36510173e-11 -5.25000042e+06]
 [ 6.36510173e-11  1.05000000e+06  3.21469810e-10 -6.36510173e-11
  -1.05000000e+06  3.21469810e-10]
 [-5.25000042e+06  3.21469810e-10  3.50000028e+09  5.25000042e+06
  -3.21469810e-10  1.75000014e+09]
 [-1.05000008e+04 -6.36510173e-11 -5.25000042e+06  1.05000008e+04
   6.36510173e-11  5.25000042e+06]
 [-6.36510173e-11 -1.05000000e+06  3.21469810e-10  6.36510173e-11
   1.05000000e+06 -3.21469810e-10]
 [ 5.25000042e+06 -3.21469810e-10  1.75000014e+09  5.25000042e+06
  -3.21469810e-10  3.50000028e+09]] 

dof
global:  [0, 1, 2, 3, 4, 5]
local:   [0, 1, 2, 3, 4, 5] 

##################################################################################

Force vector
[[   0.]
 [   0.]
 [   0.]
 [1000.]
 [   0.]
 [   0.]] 

##################################################################################

Fixed dofs
[1 2 3] 

Free dofs
[4 5 6] 

##################################################################################

Force vector for free dofs
[[1000.]
 [   0.]
 [   0.]] 

##################################################################################

Displacement vector
[[0.]
 [0.]
 [0.]
 [0.]
 [0.]
 [0.]] 

##################################################################################

Displacement vector for fixed dofs
[[0.]
 [0.]
 [0.]] 

##################################################################################

Reduced stiffness matrix for free dofs
[[ 1.05000008e+04  6.36510173e-11  5.25000042e+06]
 [ 6.36510173e-11  1.05000000e+06 -3.21469810e-10]
 [ 5.25000042e+06 -3.21469810e-10  3.50000028e+09]] 

Reduced stiffness matrix for fixed dofs
[[-1.05000008e+04 -6.36510173e-11 -5.25000042e+06]
 [-6.36510173e-11 -1.05000000e+06  3.21469810e-10]
 [ 5.25000042e+06 -3.21469810e-10  1.75000014e+09]] 

##################################################################################

[[1000.]
 [   0.]
 [   0.]] 

##################################################################################

Determinant of stiffness matrix K
9.646876543500044e+18 

Displacement vector for free dofs
[[ 3.80952350e-01]
 [-2.32682873e-17]
 [-5.71428526e-04]] 

##################################################################################

Solved displacement vector
[[ 0.00000000e+00]
 [ 0.00000000e+00]
 [ 0.00000000e+00]
 [ 3.80952350e-01]
 [-2.32682873e-17]
 [-5.71428526e-04]] 

##################################################################################

Reaction forces
[[-1.00000000e+03]
 [-7.03996457e-27]
 [ 1.00000000e+06]
 [ 1.00000000e+03]
 [ 7.03996457e-27]
 [ 6.84028650e-11]] 

##################################################################################

Strains E11
[[-2.85714263e-05  2.85714263e-05]] 

Stresses S11
[[-5.99999952  5.99999952]] 

